0 2.9999954780533575
1 2.9952586309727263
2 2.9949398025873086
3 2.9953902580814673
4 2.990335695795395
5 2.980913589731396
6 2.9973776208401386
7 3.019211845950915
8 3.030836160340625
9 3.038475924978896
10 3.0231072665212784
11 3.018317570760062
12 3.0334646753549666
13 3.039382242790807
14 3.0212187007429563
15 3.007228550020115
16 3.042260661685049
17 3.000834306607684
18 3.0165331679038276
19 3.0254992613655056
20 3.0165876917031884
21 3.0176709440653275
22 2.996891171805754
23 3.0067470500858793
24 3.038947622672258
25 3.0525717319371095
26 3.0401754795711735
27 3.049314400559158
28 3.022256242928393
29 3.026201944144657
30 3.050782883418919
31 3.0895047567186715
32 2.866889266202963
33 2.961237744189212
34 3.048175832508709
35 2.954427146522208
36 3.0155322414875423
37 2.9825580341560616
38 3.0917840669888856
39 2.9925200992964327
40 3.033889056813387
41 3.1483635765629097
42 3.0526415467298933
43 3.1052148346899306
44 3.053856853132251
45 2.970033100415065
46 3.1026789708003197
47 3.015272081047553
48 2.919710767971671
49 3.0693873288132294
50 3.0475308533783374
51 3.0236987941704734
52 2.977532904827633
53 3.034206555524746
54 2.898759651075674
55 3.137234326505045
56 2.9797859775655047
57 2.9400942340520793
58 3.006740619828394
59 2.9948884086325704
60 3.049482911161587
61 3.1444193360479478
62 2.9975328469651594
63 3.0963572810221662
64 3.010642270086489
65 3.2496278201033397
66 3.059215774064374
67 3.2665135631208995
68 3.074113965207928
69 2.8937489473931115
70 3.1744294997867515
71 2.845459947806825
72 3.0996342292157886
73 3.0418621173798503
74 3.0431960220441776
75 2.947251654759198
76 2.988302102993419
77 3.045697942253332
78 2.9507660880057123
79 2.9936355456125856
80 3.030597123991366
81 3.2544722523713974
82 3.2325911550512068
83 2.9926879813229297
84 3.0701661587039193
85 3.0399586262256144
86 2.7313232020066436
87 3.279939668850389
88 3.2714309800501398
89 3.0656304667339405
90 3.1772822373683116
91 3.131159371130314
92 3.0250916202974794
93 3.1933206418544033
94 3.1618442326058167
95 3.527070579879315
96 3.3115043529311166
97 3.2295023439912476
98 3.2312853034136104
99 3.275253419683587
100 3.6293969594187643
101 3.134858869424135
102 3.564041715426095
103 3.2834206578380094
104 3.1599502772111023
105 3.046372524144606
106 3.0345144684908174
107 2.80810363259407
108 3.1667804993274395
109 3.823050646821494
110 3.037773626544821
111 3.1325120941295714
112 2.85660450124034
113 3.2528820306617994
114 3.1726471677151715
115 3.1229329825806036
116 3.24794774594578
117 3.546843666744913
118 3.2579300976821246
119 2.9696919114997207
120 3.045972167071446
121 3.389247890304839
122 3.4307929426369372
123 3.086325369347738
124 3.1188424753048865
125 2.9736320692378166
126 2.954967851557684
127 3.2482191143130787
128 2.76531781242822
129 3.001270666020169
130 3.3869595854771184
131 3.5311517714434153
132 3.3070299875494418
133 3.334699837254148
134 2.9137995900297766
135 3.0216363541290745
136 3.1848846252453447
137 3.157266310809929
138 3.3278741953622393
139 3.4543444399814858
140 3.750512553225588
141 3.075233439479044
142 3.365588908303478
143 3.2438544008643295
144 3.2141090166122406
145 3.493837019111033
146 3.6946550137740144
147 3.690025225343363
148 3.610880058463152
149 3.103827384917523
150 3.1879344279604993
151 3.13765262662889
152 3.267674170040123
153 3.4690551030490475
154 3.4183559715103464
155 3.104729277255476
156 3.263564275607101
157 3.4172754204671483
158 3.363870833344966
159 3.5412708013410095
160 3.714750864773866
161 3.696550022564529
162 3.3395035120286143
163 3.280840040053757
164 3.1511539368370998
165 3.109438796797509
166 3.174570583128117
167 2.861455944548148
168 2.7904094870492413
169 3.1774796064582147
170 3.0579166022320443
171 2.879550121206553
172 2.889035903491087
173 2.8406878967935367
174 3.107116794202638
175 2.8804467457847
176 3.163894603492055
177 3.0974708941388585
178 3.0879189768690907
179 3.2471763126074347
180 3.0085968729151675
181 3.129625287616189
182 2.967893063258164
183 2.8191059178243174
184 2.7894646178280027
185 3.173380080771567
186 3.0122310035389863
187 2.923766314017083
188 2.9234558870217477
189 2.9299679540728647
190 3.035437484861134
191 2.9141969082507644
192 3.0326366751017693
193 2.968481639501234
194 2.858501507432041
195 2.96594258878546
196 2.9949097576934625
197 2.8329806444916463
198 2.9555089842841675
199 2.8937723867662895
200 3.208820219852939
201 3.1726720219297486
202 3.283994487164108
203 3.0809507579608804
204 3.28990228715843
205 3.2655423238282846
206 3.1338137070971976
207 2.8603051051449033
208 2.9036996372127897
209 3.1797995155388734
210 3.354674473919085
211 3.663423414528544
212 3.7570239589719043
213 3.5843288122015573
214 3.3798422596319706
215 3.3839769762480434
216 3.2191187913678263
217 3.095660119206338
218 3.0388256547346413
219 3.0653786787369803
220 2.9245759221362286
221 3.3336674817673537
222 3.442086539021607
223 3.4398348738624427
224 3.6589232819435122
225 3.346895910817447
226 3.394346563553396
227 3.210329898250595
228 3.344727298043125
229 3.277697056679651
230 3.0797675248169902
231 3.4612325736617158
232 3.526474227333687
233 3.5988643507222
234 3.3465233381368145
235 3.3041657623728637
236 3.516678588921274
237 3.066034999771985
238 3.338580084734929
239 3.205278020913742
240 3.12472565478426
241 3.1492435959890424
242 3.0267322471583626
243 3.080670790789112
244 3.08465097437019
245 3.2315656909395174
246 3.289457827731799
247 3.325731597267902
248 3.421302632888981
249 3.3506990611438363
250 3.149633805470514
251 2.8442783021850038
252 3.183651932872718
253 2.924889602258527
254 2.951643633242358
255 3.237212416262589
256 3.1220236059931685
257 3.415053312778931
258 3.367403834280753
259 3.1232803853755833
260 2.919795508067609
261 3.033866333996062
262 3.265409798842608
263 3.294914636579239
264 3.4346217421895537
265 3.2939225056892445
266 3.4131298212293983
267 3.3116870537277445
268 3.3594160611918844
269 3.2226001068124597
270 3.0874367286896747
271 3.1369975790248317
272 3.062316506054422
273 3.018314120308412
274 3.0362652009197566
275 3.3049781233289615
276 3.4106119187102872
277 2.932341196624999
278 3.0537501008790984
279 3.0640728621131297
280 3.254603727754616
281 3.222972240842756
282 3.163170734253933
283 3.3063211232542264
284 3.338999540319306
285 3.114872669949178
286 3.1267028901868197
287 3.202879541993071
288 3.1595323605996364
289 2.967413599061394
290 3.1118839445860846
291 2.957689835193685
292 2.953650788991751
293 3.141324644314457
294 3.3403087786570107
295 3.5776512186645624
296 3.349006170074716
297 2.8020261734575707
298 2.9059451251496737
299 2.9225153136886437
300 2.955446352692132
301 3.164696821769881
302 3.0065093044584583
303 3.102028785048118
304 2.8653490747638717
305 2.9297280457895942
306 3.1692169006356967
307 2.9633083544850654
308 3.180774445539439
309 3.195299677467711
310 3.1175269337201317
311 2.9166031108490085
312 2.77555243272947
313 3.011074734899365
314 2.7960613267874783
315 2.7556065530402973
316 2.981788479628389
317 3.1564127028022013
318 2.874271386901932
319 2.7617505526776323
320 2.8660688595990855
321 3.012251759757501
322 2.9637064105373048
323 2.916939058202554
324 2.9555349285585475
325 2.969758615509376
326 3.0185782190420665
327 3.036794041511892
328 3.24223702567146
329 2.9415897988397126
330 2.8334080629525173
331 2.963772188846505
332 3.254674975284722
333 3.356720733576299
334 2.9901613880197644
335 3.1224113926024355
336 2.960334883565422
337 2.842954934402996
338 2.873916966119707
339 3.1367966665279883
340 3.088173418338033
341 2.7587898504853245
342 2.8628500939813657
343 2.702105514580357
344 3.2247334580974876
345 3.20405476028193
346 2.9728329492780534
347 3.2319247339304242
348 3.3024619768194112
349 2.924236069881531
350 2.9026370484796207
351 2.8137025687769897
352 2.639004647271972
353 2.811423171641954
354 3.0350587855302313
355 3.121276480214515
356 2.956456014385157
357 2.919718160308889
358 2.84753653762169
359 3.0795745339579637
360 3.3110489772878244
361 3.0195710452435454
362 2.9027889839859213
363 3.176433754614977
364 3.039817669712305
365 2.7583127358351405
366 2.959063204401949
367 3.301501532265191
368 3.310112277862759
369 3.1773686415780147
370 2.9349854244739637
371 2.9969082563108937
372 3.1390844213597746
373 3.4007228394986853
374 2.8853154471235247
375 2.9519204364153966
376 2.835984464114534
377 2.9657169825511245
378 3.3746044532441237
379 3.4068770328204794
380 3.3445361552124093
381 3.321783985357702
382 2.9412633347654538
383 2.90798299876754
384 2.9759145127017774
385 2.956888648414556
386 3.010880580495998
387 3.1300034046364
388 3.144007166825265
389 3.0518443560710384
390 3.106353762455297
391 3.2647965422950405
392 3.388081380040849
393 3.230574370265473
394 3.0072933962871122
395 3.205654108205837
396 3.3730465040549262
397 3.5495893414638746
398 3.4555407399853437
399 3.1109477373667067
400 3.2774243644156207
401 3.546697046305822
402 3.604956539651197
403 3.496778217355638
404 3.0493273591994186
405 3.331582716222125
406 3.2917486269896536
407 3.104246398666674
408 3.0488867009693723
409 3.1022724080421384
410 3.17528471018556
411 3.382924584708266
412 3.4642297990157482
413 3.732627808373733
414 3.5780431147894016
415 3.063495318584529
416 3.0682340146735627
417 3.1940759365969753
418 2.9328506615573713
419 3.1480034004388115
420 3.126986371171294
421 3.3141641113071527
422 3.223581797377942
423 3.4902833447212016
424 3.439796091389604
425 3.238979915754087
426 3.5776150859219267
427 3.329504101090232
428 3.154272524395462
429 3.4652612478573115
430 3.3281157412996305
431 3.3739000822045786
432 3.164237336481449
433 3.3248293752318854
434 3.501477829883738
435 3.6519313508051607
436 3.8505575394550196
437 3.5796618886758744
438 3.430951322607577
439 3.2901522827326626
440 3.1363452242767553
441 3.438518389549029
442 3.6098226649412517
443 3.399749857972114
444 3.1230187142050068
445 3.0574728000491573
446 3.3710409493443043
447 3.158762975281635
448 3.1327249903227217
449 3.385253752402036
450 3.2296883894942017
451 3.3041355423653824
452 3.5433726959285443
453 3.2801408413084583
454 3.0661795046998113
455 3.0558311810308587
456 3.3243900015116465
457 3.5291218349450397
458 3.5221515755592603
459 3.2166075899240507
460 3.1244644376900967
461 3.173525630208632
462 3.1714063983343452
463 3.1547473148072966
464 3.2293903292064448
465 3.1880083629168503
466 3.213878890120466
467 3.193038976692818
468 3.096622892366919
469 3.0842294768584124
470 3.252629074646225
471 3.20293910706874
472 3.4787445793969307
473 3.6635452946990776
474 3.467413555294706
475 3.434037604794679
476 3.2991721043026647
477 3.3175042068199403
478 3.2115608068118795
479 3.294867391472843
480 3.4857345670679405
481 3.6086606388013176
482 3.6570836444899952
483 3.3528694759514712
484 3.252940355401515
485 3.6300728083613687
486 3.3459789063913656
487 3.3966170975856755
488 3.2827303265391707
489 3.398430880685929
490 3.19397009102102
491 3.4418125958167414
492 3.4859801798338514
493 3.2097141525666855
494 3.324316970076217
495 3.307927390202319
496 3.179939245321988
497 3.3901943941815276
498 3.503654180493175
499 3.3470565476776026
500 3.3105443879877074
501 3.374801886390609
502 3.4773614855453188
503 3.330184104969211
504 3.4765132120141975
505 3.7727443239345635
506 3.9359662694858826
507 3.764628300307778
508 3.721786120691995
509 3.3548042484647653
510 3.677579073764295
511 3.7005259296233644
512 3.451314934569599
513 3.5272714946876715
514 3.4778759484569086
515 3.402501192478801
516 3.4601213137387576
517 3.522396787229076
518 3.37991054425287
519 3.3911333327753472
520 3.587513745756781
521 3.6086887960352807
522 3.8262558822858685
523 3.7437810054857965
524 3.3213890344982104
525 3.2965232332398435
526 3.2510445660725353
527 3.64337313331936
528 3.5702906151374494
529 3.4247237799971693
530 3.3926589919072145
531 3.391229840691336
532 3.653567761163364
533 3.6066538372775847
534 3.5717053738163465
535 3.459120504070314
536 3.775881937147114
537 3.638147760726741
538 3.870730412191782
539 3.584245248338599
540 3.572444934085897
541 3.1914019212315385
542 3.5293114591867067
543 3.4444996891325474
544 3.355542809970972
545 3.413515645707407
546 3.413879529873449
547 3.3976532066505505
548 3.509077072095865
549 3.3174480765018286
550 3.766095651012307
551 3.7684857212619254
552 3.7277925959747087
553 3.383744693474445
554 3.7853213796886482
555 3.627566900164972
556 3.8047982137807654
557 3.7852080107557002
558 3.8002150516120823
559 3.516473828281545
560 2.8924198699662487
561 3.030668692609743
562 3.5809115752901834
563 3.5033398591282783
564 3.6168292783383578
565 3.4721655594022094
566 3.525042701555313
567 3.625705821256757
568 3.461277973260327
569 3.402065127911118
570 3.3266227509183133
571 3.286824827174222
572 3.3828108170358355
573 3.5922059914109195
574 3.5495198235757934
575 3.495510109112073
576 3.2672089408879614
577 3.4050138512037047
578 3.2867685029238616
579 3.5011584612221758
580 3.6142161635451924
581 3.325987487081308
582 3.2171560534869386
583 3.425664038733792
584 3.2524365381572657
585 3.4860629958036036
586 3.5081793438455855
587 3.2218812890351316
588 3.735027926345174
589 3.639234435701662
590 3.8566149315578127
591 3.7258647834005054
592 3.344384874092803
593 3.5203973328734275
594 3.308205143536765
595 3.326020058020526
596 3.3794627378067137
597 3.2385650047333208
598 3.6117343884297193
599 3.4910177493043792
600 3.344367675214409
601 3.4265348925440535
602 3.2746822030746823
603 3.3237107476323757
604 3.3028193831519936
605 3.1698816668151584
606 3.1991878938784652
607 2.8118971937661943
608 3.150231056576483
609 3.2223447602189896
610 3.157453613478734
611 3.1758881212830103
612 3.1718243743803956
613 3.3941235650917934
614 3.6076919156243004
615 3.4108675459980016
616 3.552220944492572
617 3.2615191666725294
618 3.0239500971771016
619 3.1220126222985503
620 2.8993532217770297
621 3.154063444143405
622 2.8849589294825164
623 3.2191821911842258
624 3.1734843596640756
625 3.02100102176555
626 3.179821690773014
627 3.4044299858845193
628 3.2439386040644904
629 3.193028457412716
630 3.3721642425040477
631 3.534051507212014
632 3.1662934220736614
633 3.009702868050359
634 3.1703425739380946
635 3.446925648932837
636 3.49374000797719
637 3.494895922310325
638 3.504587957335798
639 3.519231540671336
640 3.48216132507535
641 3.8727343552823688
642 3.4431881203313437
643 3.389748916581624
644 3.105484716456674
645 3.0504446603692714
646 3.265010997095522
647 3.229699784978058
648 3.315549203904676
649 3.262287176365068
650 3.2903919693311834
651 3.342481249053572
652 3.5827742579311264
653 3.256515702072045
654 3.2736567068291116
655 2.8592097149903735
656 3.0467661479989725
657 3.343270865506496
658 3.385667300074035
659 3.4672164351844854
660 3.320855389854077
661 3.6067591487341772
662 3.71745957053042
663 3.368845868136121
664 3.4253327049675963
665 3.822930306957933
666 3.2232935921623236
667 3.5639570466930546
668 3.6788209834137553
669 3.7227371079340252
670 3.8362485262506967
671 3.5958582237244703
672 3.570673642093861
673 3.3627653946001717
674 3.2182653644670274
675 3.2559067319661756
676 3.155177007113073
677 3.381379753373705
678 3.529705157424297
679 3.437413840308963
680 3.2296742260866877
681 3.0401673222652663
682 3.0524507570059902
683 3.0732306109669487
684 3.3563044901758223
685 3.6945702916156447
686 3.807028080814967
687 3.7283042971476537
688 3.4280884113314416
689 3.321253240875937
690 3.139136585788114
691 3.319032657633456
692 3.2377072452781177
693 2.9620862304772038
694 3.60887904353546
695 3.7355260341739225
696 3.6985857511983973
697 3.5320956329054938
698 3.065719141418664
699 3.190660147354287
700 3.4663511989086118
701 2.815403561700191
702 3.1328917097005147
703 3.2500886861544247
704 3.444281497064291
705 3.5291205866896838
706 3.177434315001324
707 3.335451326830771
708 3.5887784352422405
709 3.373569011627944
710 3.21166232077745
711 2.8946493038626775
712 2.962097779555408
713 3.189496972204919
714 3.515974343718581
715 3.429130968607448
716 3.3765462089803906
717 3.2141123975097963
718 3.1178406493979867
719 3.054680875928999
720 3.147270146242629
721 3.0299097471504104
722 3.51602846135493
723 3.3817134969607525
724 3.6921538513098926
725 3.918074130757754
726 3.666834056432253
727 3.4733243702766043
728 3.1841892185936698
729 3.4682817207279744
730 3.5701291827784902
731 3.749760799702985
732 3.7168705258715136
733 3.8712883077903792
734 4.119639925887254
735 3.952520388796535
736 4.062326061691116
737 3.820546276451499
738 3.8115501506953695
739 3.723449518464079
740 3.9239246424839864
741 3.9288723947588013
742 3.870110098350201
743 3.840788709914013
744 3.9196028086254997
745 3.8157795826831875
746 3.7885602073221256
747 3.933461115068762
748 3.8128291391418165
749 3.6608069203800992
750 3.727341825887962
751 3.6133193740292633
752 3.714944071937364
753 3.9067236946546817
754 4.023290993921234
755 3.838574157013333
756 3.859806681332326
757 3.809994467587193
758 3.7156993380565204
759 3.8239730024729637
760 3.682656907528388
761 3.866158205638926
762 3.3737804421061157
763 3.733296986599692
764 3.840100569830204
765 3.706767327305938
766 3.6453714831130712
767 3.9293261319382924
768 3.6646487386386526
769 4.017725679830779
770 3.9806347352207694
771 3.884946431857964
772 3.680266365540736
773 3.6057155609097764
774 4.020531303567725
775 4.11645855538961
776 3.715496496079877
777 3.6916078703448427
778 3.6774301659201716
779 4.262301011383557
780 3.9188089993424096
781 3.6599172402480744
782 3.733959872122265
783 4.008319162008923
784 3.8622174880192537
785 3.7466674800833446
786 3.7735227458562237
787 3.7029378719916832
788 3.7605248949602466
789 3.6020392507517203
790 3.8965471013669553
791 4.217307960858925
792 3.7033436214276847
793 3.699265606288697
794 3.888766906138871
795 3.6645655903321024
796 3.695835202626871
797 3.3463435858272033
798 3.738565868789407
799 3.826858219545543
800 3.635374291233323
801 3.459208555740164
802 3.417892952519738
803 3.5498009723932493
804 3.6226604356956456
805 3.5861799050695518
806 3.652437575823429
807 3.481772782396142
808 3.7230343144609814
809 3.478893463105682
810 3.8961462276302465
811 3.9200775708068103
812 3.9696271187920082
813 3.454581586440286
814 3.370429735120843
815 3.6981877911075975
816 3.7810835002335774
817 3.7977823273311198
818 3.444054953120759
819 3.5567077212258265
820 3.425326360921301
821 3.513309273965704
822 3.836028632178865
823 3.5872917270382834
824 3.499084498869547
825 3.6727628085371578
826 3.423431905429547
827 3.7674871598029402
828 3.747031486407447
829 3.471174509043138
830 3.4578482635414938
831 3.5811503834783434
832 4.051188799429909
833 3.9225534855257482
834 3.702628808475581
835 3.594748419108578
836 3.5124633760685917
837 3.2093651936225007
838 3.646691348988683
839 3.7871437800827574
840 3.676512744923631
841 3.6973000576093367
842 4.000026820887462
843 4.196237657875304
844 4.137271917170623
845 3.7888076490209883
846 3.6177327817897247
847 3.7735951345275605
848 3.8032764274341604
849 3.850666076620379
850 4.049011662207854
851 3.6037564957631436
852 3.3536055221930043
853 3.6529446961226837
854 3.5866071094854712
855 3.9463196564717973
856 3.9598367276083155
857 3.4937695521062277
858 3.3542735270270208
859 3.556630595989362
860 3.670221766954124
861 3.49792925574043
862 3.8199150619647053
863 3.561722964773652
864 3.5356346544247375
865 3.4866816621437686
866 3.2859002520430733
867 2.9639054169705097
868 3.022833899019591
869 2.9926619478992333
870 2.9120006372684117
871 3.1280727058598923
872 3.0493580147828996
873 2.9934689340399014
874 3.136029349732377
875 3.092440931522552
876 3.1116249137337504
877 3.4017795452336625
878 3.4084531372155267
879 3.109140577685355
880 3.0412314731782732
881 3.218302555312509
882 3.169814407987514
883 3.1224627837748398
884 3.7626726228486063
885 3.8456345427575616
886 3.7692541834255313
887 3.640976371810675
888 3.551279852098889
889 3.690335235107203
890 3.3589438827908054
891 3.2827955785076366
892 3.1666517741437143
893 3.0285199721067984
894 3.072337851339829
895 3.2400028080275565
896 3.4350876069021345
897 3.4345935592634147
898 3.5887176336790203
899 3.5771622170030617
900 3.4091851012720937
901 3.457788567987106
902 3.5236080260987532
903 3.4906426602844047
904 3.6648883438644053
905 3.488457649481561
906 3.215277319864518
907 3.679252267946032
908 3.263759955530121
909 3.2567035127284
910 3.2885549721731477
911 3.2080423238251248
912 3.1643868524521426
913 3.1509499932879548
914 3.0468941509242695
915 3.290947533364342
916 3.5098113379665583
917 3.3808989812307453
918 3.281492068968405
919 3.072822187743304
920 3.2324163931490815
921 3.1417891460120058
922 3.4918881865111673
923 3.3695279548645725
924 3.3568115685788222
925 3.6770217692439355
926 3.6716377624466183
927 3.485500762544427
928 3.1946810738666946
929 3.2109555863014414
930 3.0547408527542235
931 3.0761010253146774
932 3.280804705447112
933 3.2658114227485764
934 3.4228421450037883
935 3.1885316465245097
936 3.2267839561876444
937 2.8736623482006913
938 3.058002978446643
939 3.032673035619969
940 3.420124461534974
941 3.3938343804512203
942 3.2908658031026974
943 3.0828912386331493
944 3.3457109699613645
945 3.385747670014131
946 3.1882950721493235
947 3.1036916556575673
948 3.104404784823622
949 3.233355661593279
950 3.167064063658199
951 3.121980285075735
952 3.321814206569956
953 3.1964300147793554
954 3.1372477172216446
955 3.177555129783607
956 3.331896723200793
957 3.0329741352334407
958 3.1432714956044343
959 3.498146511464651
960 3.4723900298731425
961 3.505956779810567
962 3.2534669459108114
963 3.1913343557246763
964 2.9739963908042775
965 3.12035505777396
966 3.5187101316280596
967 3.491968551891718
968 3.399679747623757
969 3.340510899952548
970 3.17054415848495
971 3.2215355160821755
972 3.134317358289713
973 3.1046616647986953
974 3.25710070697938
975 3.6127572785888566
976 3.0454320667082726
977 3.431636196464081
978 3.0500216323792277
979 3.3209225560128393
980 3.519965776439054
981 3.9107666870112654
982 3.5180356175812237
983 3.0120938801186505
984 3.0363681012917256
985 3.5083188700309185
986 3.4661924207201307
987 3.258217858428274
988 3.4453468982476387
989 3.3419557965469266
990 3.079262296785498
991 3.352014454814784
992 3.207658798629849
993 3.3575281382910362
994 3.297466666304035
995 3.453890758639575
996 3.752333911997327
997 3.5111361911080072
998 3.4085841578474487
999 3.612480352196772
1000 3.4054317626959363
1001 3.130546263605917
1002 2.9880496376385017
1003 3.2218999671054287
1004 3.1170879291126368
1005 3.340306671472416
1006 3.122406287912864
1007 3.244178925244903
1008 3.317866434965156
1009 3.317632174907646
1010 3.7501525154099986
1011 3.446347506226172
1012 3.246727725251542
1013 3.3108173811739254
1014 3.108605641066961
1015 3.0833556578989665
1016 3.1396014375395143
1017 3.3591367521516133
1018 3.290602044982026
1019 3.7720969001808173
1020 3.656024648960104
1021 3.278757270513878
1022 3.2314883923327833
1023 3.2672941872314607
1024 3.0010047839478218
1025 3.30096191123602
1026 3.60430425119434
1027 3.6272159877800703
1028 3.706172848565695
1029 3.4387486307627446
1030 3.401475480742621
1031 3.1397163258667824
1032 3.3692996112852533
1033 3.4756686770721874
1034 3.393482134667053
1035 3.349244342434872
1036 3.3049066263198266
1037 3.1737447396778964
1038 3.5664181095527514
1039 3.51419711844807
1040 3.6098960094046144
1041 3.2757400882007284
1042 3.568901961037893
1043 3.48442212338844
1044 3.011179167988624
1045 3.0082682640789855
1046 3.001823914398535
1047 3.1669027294473513
1048 3.182175241882947
1049 3.3269194612952115
1050 3.652278900007655
1051 3.6631766875987912
1052 3.6244473218678426
1053 3.519511972017481
1054 3.450751591075335
1055 3.3587256578295572
1056 3.3343321039159046
1057 3.077335228480562
1058 3.1398508361009596
1059 3.367526754037676
1060 3.4191745939936506
1061 3.538671594006125
1062 3.531804540915212
1063 3.3950482164631186
1064 3.31029005807555
1065 3.4562803851485953
1066 3.6560465710870886
1067 3.555574608488601
1068 3.0760938306513466
1069 3.08686330380573
1070 3.337801164152957
1071 3.089917835320035
1072 3.1832252260542417
1073 3.3254502460100053
1074 3.504095579847299
1075 3.362205284605148
1076 3.557595231823519
1077 3.6861673691739014
1078 3.694229400390694
1079 3.622683973319322
1080 3.379567808782875
1081 3.4347486612383604
1082 3.6867145952195575
1083 3.8411682044280018
1084 3.7921227343960857
1085 3.749992370459949
1086 3.607834138647125
1087 3.151400651974483
1088 3.239506202158877
1089 3.3942273788202395
1090 3.576642236565533
1091 3.352776732966452
1092 3.3833660706891284
1093 3.4045854506126645
1094 3.246907017714199
1095 3.2602137999291116
1096 3.1401653199707553
1097 3.2676059184673396
1098 3.632216300396653
1099 3.7675171886017518
1100 3.595205823230418
1101 3.3008367905940563
1102 3.528523748803353
1103 3.6725992203844258
1104 3.5554980936605523
1105 3.4847094420035143
1106 3.327915821682767
1107 3.856285853998615
1108 3.473365048929076
1109 3.4281589667933727
1110 3.3247508556166783
1111 3.531131599953455
1112 3.7521833600871353
1113 3.5792804864500107
1114 3.008589272673119
1115 3.0580019194869417
1116 3.508309360980223
1117 3.2449642306706954
1118 3.33528647612816
1119 3.496987067499224
1120 3.8526496593848845
1121 4.0333076529893335
1122 3.8081066432123087
1123 3.608443647406888
1124 3.4337278296521627
1125 3.252454280247271
1126 3.1053341056786716
1127 3.18355633799756
1128 2.96014650849341
1129 3.393912315396924
1130 3.315956438465468
1131 3.237778514911746
1132 3.0059638998928295
1133 3.2845200040841602
1134 3.410777638548646
1135 3.460337834833536
1136 3.516918378913807
1137 3.1101014619996183
1138 3.1528287327331923
1139 3.1875923188051325
1140 3.1525707430910668
1141 3.3427374338919376
1142 3.106027786302913
1143 3.3552071998574657
1144 3.2295001525872107
1145 3.4841790329279094
1146 3.3105175851190034
1147 3.4577022785544043
1148 3.175167302176039
1149 3.378884293451073
1150 3.4950495630624303
1151 3.4005698167265908
1152 3.3319588457148144
1153 3.2066304133537757
1154 3.1229333714129064
1155 3.317826771254246
1156 3.4202699532255103
1157 3.2691257100351465
1158 3.6176246183401672
1159 3.2872477788172643
1160 3.18988265021147
1161 3.361123526871762
1162 3.1234689108485285
1163 3.0658831261729036
1164 3.264280508183192
1165 3.0581830503493905
1166 3.261861063493757
1167 3.7103214482946756
1168 3.329602300635277
1169 3.84396523325081
1170 3.2593606363907957
1171 3.0502795381257832
1172 3.2591022529255604
1173 3.1882313308488524
1174 3.1670316999512806
1175 3.220658953354515
1176 3.2305271873053045
1177 3.239485141833665
1178 3.1935349184789015
1179 3.368048736012977
1180 3.496381561734165
1181 2.9475291899856844
1182 3.435420688078292
1183 3.3361191860417208
1184 3.1299922359242833
1185 3.444946900805908
1186 3.387220839649262
1187 3.241077290146662
1188 3.1761510368615316
1189 2.877894502913529
1190 3.22280110329919
1191 2.9914443983886487
1192 3.3844459581819963
1193 3.3743378834025894
1194 3.256402496884339
1195 3.34599385871731
1196 3.2341191747405706
1197 3.4907342189483126
1198 3.468456405737359
1199 3.4207340666786905
1200 3.3801292184908953
1201 3.3680832638490488
1202 3.339982441281545
1203 3.154534491739874
1204 3.202157895449929
1205 3.209052785997957
1206 3.2230667944699634
1207 3.1721092711199
1208 3.1976250790983674
1209 3.0285414030305935
1210 3.1367563887457446
1211 3.062370314853222
1212 3.2942792312803326
1213 3.4663129568945985
1214 3.5585998176785827
1215 3.6000660101134017
1216 3.3864973902829885
1217 3.34771732452157
1218 3.5522391419720587
1219 3.5000819164002355
1220 3.3918932586731128
1221 3.2369297517435682
1222 3.1544623780493892
1223 3.1652190582844684
1224 3.2311027795645755
1225 3.394994828367967
1226 3.528043254872949
1227 3.718299557859911
1228 3.6673806269614637
1229 3.754349423385624
1230 3.6111070854043983
1231 3.471357867549462
1232 3.4753144597028593
1233 3.488866721561735
1234 3.1263561656016905
1235 3.2141126952895536
1236 3.4209720693434584
1237 3.4430436697348337
1238 3.755664392463031
1239 3.770817238056574
1240 3.346393302740431
1241 3.3543712964765446
1242 3.3520761932940255
1243 3.073880429578616
1244 3.2408131029735427
1245 2.968900721035466
1246 3.125981005745197
1247 3.4364685924821528
1248 3.467400338682358
1249 3.598482768976031
1250 3.4247514188485204
1251 3.5050377232222205
1252 3.5423779474813273
1253 3.7660161077054015
1254 3.482702952997837
1255 3.240209254356361
1256 3.4146460214984633
1257 3.462391599712024
1258 3.3461437865689887
1259 3.2782778086707327
1260 3.6122981156429623
1261 3.505912334999232
1262 3.8115848083275057
1263 3.689971042531793
1264 3.648003549767844
1265 3.1604101532038102
1266 3.0505261845236413
1267 2.9407308336484963
1268 2.9803497705987003
1269 3.1446880956381995
1270 3.314469519338615
1271 3.2673521382351076
1272 3.3003337190323165
1273 3.355438451930307
1274 3.1300026832723957
1275 3.5019256580962907
1276 3.265590295667334
1277 3.359615907673668
1278 3.110967542945614
1279 2.97719858599494
1280 3.0329762633372526
1281 3.0046790712267435
1282 3.0955084104516026
1283 3.040740775934618
1284 3.13397532779108
1285 3.418718027853427
1286 3.5861006629124526
1287 3.3579886588457017
1288 3.3517072439550484
1289 3.0642545304033018
1290 2.866797463397563
1291 3.0689034109910076
1292 2.8032601002354314
1293 3.396404829070097
1294 3.13751188578707
1295 3.2057542311422336
1296 3.330712785348348
1297 3.453847177988897
1298 3.2702094328721327
1299 3.1200624235269467
1300 2.862520777040268
1301 2.9298387132063803
1302 3.058151832401575
1303 2.918090093722938
1304 3.1232909225256464
1305 3.4020530769895223
1306 3.1506000591723584
1307 3.2930586884206647
1308 3.3958426828642927
1309 2.9777312403276426
1310 3.2592618686002193
1311 3.857499720210197
1312 3.6273277083220226
1313 3.6925382830228703
1314 3.67999716623811
1315 3.5980286538397226
1316 3.7740438217065724
1317 3.286416612147996
1318 3.1993109684374814
1319 3.520414292386685
1320 3.6622900764134583
1321 3.5591777855291586
1322 3.707532896745831
1323 3.737044228869504
1324 3.459225297271886
1325 3.3040880731144906
1326 3.508628992760907
1327 3.5405112765544673
1328 3.0951955359979353
1329 3.10067696167055
1330 3.47368371311387
1331 3.7813073798220493
1332 3.7847419923161834
1333 3.807226793035421
1334 3.4869570430255354
1335 3.0824589730909384
1336 3.0640363602085587
1337 3.441866615702746
1338 3.8199509338377617
1339 3.9776905660867747
1340 3.7873146785778675
1341 3.7103272948278625
1342 3.409473462110495
1343 3.6990475200907653
1344 3.5786182423822197
1345 3.2882265816429954
1346 3.3255024431757314
1347 3.038351342625001
1348 3.299387347969581
1349 3.2266370046689707
1350 3.3390781490763994
1351 3.4848229569472275
1352 3.337141950114518
1353 3.2002819491767114
1354 3.2984250470722887
1355 2.9914298504038
1356 3.4250194807364
1357 3.713987599397986
1358 3.6351092665795264
1359 3.630348237371116
1360 3.4449084707406077
1361 3.841513612863822
1362 4.104379495953813
1363 3.4195531020496226
1364 3.6470937359107056
1365 3.3515088870368666
1366 3.4352612771802673
1367 3.713602388565143
1368 3.0867536458336935
1369 3.2788273541840716
1370 3.552836563555725
1371 3.696665590260361
1372 4.017069674024064
1373 3.771270685556337
1374 3.2052817732026204
1375 3.2039405804786454
1376 3.1288987260823657
1377 3.1598426588649073
1378 3.152951554014438
1379 3.4207961904353192
1380 3.5521826737554134
1381 3.459759924729147
1382 3.667192706954173
1383 3.1070160091463968
1384 3.6463356273384915
1385 3.9450644579787166
1386 3.919312346274179
1387 3.785608667117
1388 3.449349836863258
1389 3.3014913284679497
1390 3.609220790603449
1391 3.634405554090593
1392 3.7786891670026983
1393 4.05694143944538
1394 3.7233955549003666
1395 3.6739513528612746
1396 3.453722601991188
1397 3.6307244347993497
1398 3.7566188729422
1399 3.4196230991156127
1400 3.0965713425016985
1401 3.3205685574679213
1402 3.7294321480211714
1403 3.9405313723185436
1404 4.284579296401144
1405 3.823293919293544
1406 3.4398485352536627
1407 3.3731170826461025
1408 3.430392034495644
1409 3.7655228379742507
1410 3.6484175374225427
1411 3.405968874743254
1412 3.4206523633905603
1413 3.4937347209635172
1414 3.243097136226649
1415 3.2853304647352433
1416 3.3571330709068863
1417 3.580493624898811
1418 3.6214763237277903
1419 3.5637385497693628
1420 3.550846570132699
1421 3.4877667549379368
1422 3.695672502754276
1423 3.641036202526433
1424 3.800297984396681
1425 3.855646526502724
1426 3.8601353197695722
1427 3.7261149782103007
1428 3.558776803734449
1429 3.404349338952232
1430 3.4822804714071323
1431 3.3788082095858414
1432 3.1253490821131504
1433 3.166829807320949
1434 3.5290513504507732
1435 3.6874333579544194
1436 3.524911686797165
1437 3.476225982629821
1438 3.6772351770153096
1439 3.72245339777458
1440 3.304278995569148
1441 3.4784719767376098
1442 3.4904385970438536
1443 3.045283666179519
1444 3.0618105721354474
1445 3.519008671337195
1446 3.65686174002097
1447 3.483376941166235
1448 3.89072577645421
1449 3.7530675920806185
1450 3.487593918676873
1451 3.5644690997152773
1452 3.367311088759795
1453 3.526682959265177
1454 2.982606407235306
1455 3.0734440952878708
1456 2.9215530230478444
1457 3.381910493892705
1458 3.23437663978883
1459 3.262923131040819
1460 3.248054572202971
1461 3.0635432906278233
1462 2.9817973242802953
1463 3.179591075369939
1464 3.7107449932094156
1465 3.4477281511386617
1466 3.433694343888627
1467 3.343648648754278
1468 3.507474695851151
1469 3.5127894446790995
1470 3.152604810197873
1471 3.300077374411349
1472 3.302287306989718
1473 3.5985858905666497
1474 3.5351895787248475
1475 3.8206182446486343
1476 3.659466463398855
1477 3.2273656656316874
1478 3.3897309822910335
1479 3.373261310645848
1480 3.4264131768126838
1481 3.138061006651861
1482 3.2877501409693113
1483 3.1855315058542493
1484 3.406210531309219
1485 3.389367642427002
1486 3.1860927576672906
1487 3.291684556150505
1488 3.1038388097821055
1489 2.9373859325558263
1490 2.9079849026596176
1491 3.314722669184644
1492 3.310321681701672
1493 3.2870628556062584
1494 3.1740483120377694
1495 3.0293311320696925
1496 2.9186814564243395
1497 3.0153091007988984
1498 3.334508787119529
1499 3.4545881940662713
1500 3.449103401494826
1501 3.769783418962287
1502 3.6037771515107395
1503 3.726947784871993
1504 3.6421311758916413
1505 3.275803612189436
1506 3.3838486698499644
1507 3.213560210791175
1508 3.154838172713773
1509 3.327332248043706
1510 3.391516905454418
1511 3.5413610278777483
1512 3.3498847346714578
1513 3.3548611010895883
1514 3.5356301086416364
1515 3.4132031427187304
1516 3.120706444585674
1517 3.1743493010799613
1518 3.0384394495122033
1519 2.981605493689118
1520 3.1307745683238064
1521 3.3880954944879296
1522 3.359655289647561
1523 3.3565793063660636
1524 3.573112013189227
1525 3.508209376074281
1526 3.370680659777424
1527 3.3197520690403444
1528 3.546212126066213
1529 3.951303113786345
1530 3.7122033321419265
1531 3.66114904048142
1532 3.603058899581795
1533 3.5397987139805713
1534 3.4969368534336165
1535 3.3256656404600786
1536 3.3338993928981138
1537 3.1188020759272863
1538 3.2588350924949587
1539 3.243827535861188
1540 3.191166021864081
1541 3.1735590839040575
1542 3.2215013199318783
1543 3.4465648140804865
1544 3.562983510719794
1545 3.68595383951359
1546 3.729693837506637
1547 3.263868636870248
1548 3.262030223796465
1549 3.317287951812979
1550 3.0909800362244497
1551 3.5438448711927704
1552 3.596488296186579
1553 3.3599633852525024
1554 3.286027478236359
1555 3.431309467466965
1556 3.2626518336219035
1557 3.221584220620263
1558 3.34090614378643
1559 3.106690920697131
1560 3.1855345614876436
1561 3.4757450167414885
1562 3.5102423371784237
1563 3.4787359732305987
1564 3.5547180772924034
1565 3.3037584066122374
1566 3.256585461454687
1567 3.0493839943716265
1568 3.0370186453674632
1569 3.148475066357931
1570 2.8878922005465784
1571 2.9721573710098728
1572 3.283846580901425
1573 3.1452414246998224
1574 3.434989799801703
1575 3.522275020014799
1576 3.450404982709233
1577 3.442353313022998
1578 3.3515671959988023
1579 3.148579609106063
1580 3.382106736528078
1581 3.352335015989353
1582 3.1386816034785383
1583 3.3087411702985494
1584 3.510723492558051
1585 3.4380915649831696
1586 3.589225258696335
1587 3.2182298984052884
1588 3.1915160194477674
1589 3.1163713370413872
1590 3.3097265284475976
1591 3.4630176999864406
1592 3.3468275939424927
1593 3.255793187839243
1594 3.238605152627411
1595 3.1553746502511797
1596 3.74801371537172
1597 3.494624587867603
1598 3.114423578978292
1599 3.1569059978252927
1600 3.2310964200804895
1601 3.09436612234511
1602 2.971385807424529
1603 2.8955268566955623
1604 3.095193995467864
1605 3.0546627722055155
1606 3.4360281095924083
1607 3.3941561878019395
1608 2.891399848823682
1609 3.1217685050966413
1610 3.3156716975819407
1611 3.6436509011994196
1612 3.5625782320530828
1613 3.417318175068283
1614 3.0533217988194608
1615 3.300517405729341
1616 3.3430485692898664
1617 2.9985313374138713
1618 3.040711461289304
1619 3.1230629479123433
1620 3.271961184439967
1621 3.3409684734587346
1622 3.038417126537766
1623 3.192072011594679
1624 3.152438055223842
1625 3.2627440116345645
1626 3.3160824116893184
1627 3.0346101445607645
1628 2.8067455108931787
1629 3.1234769552388726
1630 3.0786543007380174
1631 3.463750921345881
1632 3.3635738597313556
1633 3.2916070534806794
1634 3.299920404662988
1635 3.0513748488200196
1636 2.852868205845713
1637 3.3620367203683648
1638 3.4322071352406542
1639 3.10887717242473
1640 3.153149228446935
1641 2.9874655849069653
1642 3.0535506696653805
1643 2.9882136154558228
1644 2.761562090201177
1645 2.76848948859961
1646 3.496062751706524
1647 3.522629266712404
1648 3.2222063213315137
1649 3.254311297045636
1650 3.095359817063845
1651 2.8988673157067955
1652 3.2002090717376315
1653 3.3032930273615144
1654 3.0870694740323272
1655 2.8634091904282637
1656 2.9622000986212176
1657 3.0954817941034545
1658 2.943120258567759
1659 3.159367537070818
1660 3.318985639220724
1661 3.164747631975087
1662 3.123420709262707
1663 3.1040374292543285
1664 3.0406212982817067
1665 3.049822971110337
1666 3.2942706508928805
1667 3.1615966174779273
1668 3.4164227211532046
1669 3.304516509385111
1670 3.2578143817143848
1671 3.072207800156559
1672 3.2694461575213487
1673 3.3778446241820403
1674 3.177697208093115
1675 3.195543943160254
1676 2.970888856805592
1677 3.153297957550284
1678 3.115658410212084
1679 3.2757416508805144
1680 3.3914361744193697
1681 3.1316615417600535
1682 3.1710743338388565
1683 3.1553476291138574
1684 3.093696605994227
1685 2.9910454673749096
1686 3.043935905470276
1687 3.2757260715158742
1688 3.4425708100046317
1689 3.235820256204268
1690 3.1388127260307055
1691 3.1168337114641913
1692 3.1650415972004122
1693 3.1150808207566225
1694 3.1016704326075755
1695 3.0741698571210705
1696 3.2624573904995415
1697 3.318575255152645
1698 3.2811844189977197
1699 3.108313560673543
1700 3.028639592307239
1701 2.800107372040793
1702 3.124889556080643
1703 3.2740478716838735
1704 3.1235009970030507
1705 3.5139232750237737
1706 3.329726669807437
1707 3.290432722510739
1708 3.1591256450194907
1709 2.9575893183612463
1710 2.917720532668309
1711 3.152516668117262
1712 3.3113204086577794
1713 3.3205443018933583
1714 3.2233371024971453
1715 3.19166083777591
1716 3.26452338277045
1717 3.1516801250074193
1718 3.236299923287612
1719 2.821723966851447
1720 3.0436649375316467
1721 3.439820431926086
1722 3.3068464421269614
1723 3.235917753844375
1724 3.2842781053287826
1725 3.2691396722469688
1726 3.3184765098750044
1727 3.037420652815751
1728 3.3380593364614697
1729 3.404617627045539
1730 3.398324699708833
1731 3.447162680220353
1732 3.2753815241809066
1733 3.4180854352843877
1734 3.2117857607334344
1735 3.2165404407572344
1736 3.8845045510718967
1737 3.5016196831122293
1738 3.2825261228015163
1739 3.581745478189109
1740 3.4375414742618178
1741 3.6574944958031073
1742 3.5818582450996974
1743 3.2043958725248864
1744 3.3916789848834337
1745 3.4560921883514677
1746 3.442737830845695
1747 3.232175774467636
1748 3.226432032491973
1749 3.149994619219988
1750 3.065085860905674
1751 3.1267981456817338
1752 3.248251384663857
1753 3.2045177606172928
1754 3.208582187650453
1755 3.1520948944235148
1756 3.2541733378366593
1757 3.596191817077039
1758 3.2609766668836455
1759 3.26060865580012
1760 3.3815716761110064
1761 3.1547997831974186
1762 2.9056986685561643
1763 2.939669305382623
1764 3.1390723856197456
1765 3.3649025784738575
1766 3.2275044910348893
1767 2.78551370496397
1768 3.267783799310231
1769 3.1143601589446654
1770 3.5638217820378113
1771 3.1129347350361254
1772 3.1035068029410358
1773 3.4919108482066963
1774 3.912641170117951
1775 3.8086768230241996
1776 3.6083598030429687
1777 3.5547264565109074
1778 3.2652610511270908
1779 3.2531637721997733
1780 3.2994133345626984
1781 3.1335208423535064
1782 3.2258096062499244
1783 3.4793625238873114
1784 3.38516962719547
1785 3.6235210376770985
1786 3.781847819596513
1787 3.3564793516662053
1788 3.2482310452088883
1789 3.2887993654716867
1790 3.255396945752256
1791 3.3841333387163113
1792 3.4496371935383836
1793 3.437790659275748
1794 3.5443463350775697
1795 3.306175920540221
1796 3.3381983947430673
1797 3.6264451778646136
1798 3.4397658113909935
1799 3.668271684766146
1800 3.6342511216959807
1801 3.4924454095016624
1802 3.34717325774289
1803 3.3473958173451366
1804 3.380213473794989
1805 3.354972762236741
1806 3.3822033465246375
1807 3.4198439387890622
1808 3.4398604007490867
1809 3.1530255625471986
1810 3.3457378949110654
1811 3.4770465066130334
1812 3.64644714581956
1813 3.2368649730444448
1814 2.91745218275735
1815 3.414251764357469
1816 3.5901773680538667
1817 3.7897074424543233
1818 3.4247643552222664
1819 3.1210376891497287
1820 3.0117474670885303
1821 3.240055054862582
1822 3.3131958160014485
1823 2.997696932610179
1824 3.289990605483916
1825 3.5298614649714453
1826 3.4963355910113347
1827 3.5339676550666996
1828 3.5549616797307455
1829 3.4069676802387265
1830 3.8015228672293206
1831 3.342018379253587
1832 3.1434858548723414
1833 3.044944411027557
1834 3.200744678665063
1835 3.072407726553339
1836 3.248220782946449
1837 3.2214562186401934
1838 3.477792990084718
1839 3.4883389353690166
1840 3.2885844286231674
1841 3.1563595479008826
1842 3.3249837973177385
1843 3.490879875231232
1844 3.7167628454468713
1845 3.501369954193462
1846 3.2435195688937104
1847 3.1839416188206626
1848 3.2007982083478024
1849 3.1581461563403175
1850 3.3356384324814976
1851 3.395306615124543
1852 3.765766974827708
1853 3.4527117161230234
1854 3.225456822569287
1855 3.1527989919889743
1856 3.4021593860990698
1857 3.1661398134128667
1858 3.598482031200102
1859 3.4999030114722887
1860 3.5609205275726126
1861 3.609502759027125
1862 3.915397606584419
1863 3.7364415866268526
1864 3.6616632778230094
1865 3.4395681231835598
1866 3.2488866107202172
1867 3.1860462832370753
1868 3.215197234108826
1869 3.4777992543457747
1870 3.633294858929751
1871 3.989112040961476
1872 3.8177888706584002
1873 3.708435291543241
1874 3.592493858188153
1875 3.536795248229402
1876 3.5214942723268448
1877 3.097287974802595
1878 3.070065053757241
1879 2.872788965485598
1880 3.3167184186396192
1881 3.181777255401451
1882 3.303525776133437
1883 3.1436234849520046
1884 3.16003565286743
1885 3.238070290594595
1886 2.9739647198876815
1887 2.94627543652791
1888 3.0815595001835416
1889 3.164754901228744
1890 3.2408947248509548
1891 3.285241158034235
1892 3.2030636391591343
1893 3.3018335209079708
1894 3.218875301850107
1895 3.0419245133867796
1896 3.1228448550168
1897 3.147678672273753
1898 3.2975723258014247
1899 3.1921140347454804
1900 3.135177657079461
1901 3.0305232743452586
1902 2.943456583651294
1903 3.0175023478052574
1904 3.197500178408083
1905 3.3668877134049753
1906 3.2307498969690074
1907 3.2166506592397046
1908 3.36124237554051
1909 3.994896192328783
1910 3.9290402727746847
1911 3.660464793154409
1912 3.694401654930033
1913 3.402986215744569
1914 3.6418852139154647
1915 3.448727988830398
1916 3.325217391825697
1917 3.5694512202138644
1918 3.3275334754229138
1919 3.6121881769025945
1920 3.585737839196797
1921 3.2404400225851173
1922 3.2665897916646975
1923 3.244913285923248
1924 3.319442642259465
1925 3.3502772521683677
1926 3.232919187279144
1927 2.9204462086158824
1928 3.1448910111673207
1929 3.079758911121703
1930 3.333507917469353
1931 3.3238270714960385
1932 3.3203776331586257
1933 3.0732160804690247
1934 2.9690832329715757
1935 3.2729821111075204
1936 3.4972084834773765
1937 3.7459118051424616
1938 3.621259029688088
1939 3.7463492979292727
1940 3.420494745478787
1941 3.6679447219278107
1942 3.2522861667635583
1943 2.8563727180617784
1944 2.9516040043005938
1945 3.525212835376341
1946 3.7634349636656848
1947 3.6042829503157097
1948 3.185356749588732
1949 3.2976104201590677
1950 3.611163310118548
1951 3.609981354558352
1952 3.820687371013241
1953 3.3104649355803732
1954 3.112455819703797
1955 3.3314657102953564
1956 3.3288205320227586
1957 3.0954099482352984
1958 3.3381177859022153
1959 3.5608579570484262
1960 3.7509853659423897
1961 3.576706412507741
1962 3.3807280640024993
1963 3.3998950101606478
1964 3.197631563859891
1965 3.434323918712255
1966 3.462682037373914
1967 3.4770981241722
1968 3.603315112022839
1969 3.5277455616810647
1970 3.4857570352378975
1971 3.5987078418450253
1972 3.3520399077602128
1973 3.37207124427125
1974 3.245002667647066
1975 3.540448261424596
1976 3.705683243626576
1977 3.5599924334762183
1978 3.8067368122091443
1979 3.763740083050081
1980 3.820505270580947
1981 3.591055779366301
1982 3.530436760239612
1983 3.3020273159851583
1984 3.355634748043892
1985 3.7158522926996063
1986 3.433942134413483
1987 3.4334767965603024
1988 3.28080700563295
1989 3.2837651254233493
1990 3.091765264315292
1991 3.3972849546044195
1992 3.164015472204365
1993 3.1586151242905185
1994 3.4407643476764034
1995 3.534230899289797
1996 3.7840860331587294
1997 3.7586788964945277
1998 3.614933532760368
1999 3.368753843432492
2000 3.443327176112054
2001 3.6277461566593185
2002 3.40074231876727
2003 3.396831425365612
2004 3.4416895872346975
2005 3.5851007610392105
2006 3.6044189921182967
2007 3.683825300048228
2008 3.609145913125026
2009 3.4109793872433642
2010 3.4617589408413236
2011 3.3306849864509465
2012 3.0963341517317007
2013 3.3379420500703842
2014 2.9904887086236793
2015 3.065876525645435
2016 3.111313532920226
2017 3.246084701984185
2018 3.35234961869392
2019 3.461633631664898
2020 3.4677943222878844
2021 3.484075331728787
2022 3.412785167332224
2023 3.612790615056547
2024 3.4630864996666033
2025 3.1982410616034667
2026 3.0590998184814624
2027 2.9460779075074464
2028 3.252128859399083
2029 3.3427778540073505
2030 2.7331824509980946
2031 2.8983271993560953
2032 3.0777025587314677
2033 2.7998403168988992
2034 2.9236102201290617
2035 2.7911562457616568
2036 3.1903533048320454
2037 2.9029473662844976
2038 2.9049235566864406
2039 3.120430590892708
2040 2.897308573690567
2041 3.1698946770702165
2042 2.873527632945338
2043 3.02529402059941
2044 2.9542198126211128
2045 3.0056599308763357
2046 3.2752831846510957
2047 3.199547975280559
2048 3.0585673609735577
2049 3.2087888349424913
2050 3.118566150577339
2051 2.8702977335852027
2052 3.0131981009035806
2053 3.2044573955116364
2054 3.2462735688895883
2055 3.2003502187235244
2056 3.2033454105662353
2057 3.36618838803385
2058 3.3832794913656277
2059 3.527618095898786
2060 3.5022382183351657
2061 3.1984280743938402
2062 3.121773109299157
2063 3.5016573189205844
2064 3.3415022352042936
2065 3.399027310926557
2066 3.174908094499414
2067 2.9214861747953327
2068 3.290487430410605
2069 3.611969173407292
2070 3.4467282400759647
2071 3.10042019048121
2072 3.1016439676163348
2073 3.3265648350787904
2074 3.694989186274881
2075 3.3921420657540033
2076 3.158240945937794
2077 3.545792211465047
2078 3.5582458520646316
2079 3.4095262528669186
2080 3.520636755911625
2081 3.3563042231636127
2082 3.451089422584426
2083 3.3843564109193442
2084 2.9266958312281606
2085 3.2231670804046555
2086 3.1395425101542003
2087 3.314697400834075
2088 3.437738172571952
2089 3.6368332817670765
2090 3.6254097676823025
2091 3.50839889107556
2092 3.340787592840123
2093 3.469196113952571
2094 3.448096603260784
2095 3.614527318056412
2096 3.234526609270153
2097 3.4639070746064426
2098 3.5077129038221773
2099 3.235823148972205
2100 3.5115304977271897
2101 3.4426091988054726
2102 3.576035423884394
2103 3.198563084815877
2104 3.083356435783907
2105 3.2588728326575485
2106 3.5157341369437902
2107 3.64134462226519
2108 3.9649797607979655
2109 3.715616107622743
2110 3.4168094908433226
2111 3.6035589097703724
2112 3.07651671424472
2113 3.151518806899988
2114 3.3739987306616017
2115 3.118626300830429
2116 3.3306112800862784
2117 3.2334020368233305
2118 3.287595868191642
2119 3.416966641150824
2120 3.4238341800901035
2121 3.1950307217288954
2122 3.583427994534865
2123 3.3897855754567514
2124 3.312629539860909
2125 3.20195317235727
2126 3.438486875139357
2127 3.3840909101244097
2128 3.446453549026929
2129 3.263080129049244
2130 2.9033545620387105
2131 3.224414489994713
2132 3.098649649621697
2133 2.974290348994138
2134 3.344470434869529
2135 3.4216615608184124
2136 3.0711737018368193
2137 2.8985086942281106
2138 3.207458203956005
2139 3.476146733013816
2140 3.6330592623352156
2141 3.5887649265558994
2142 2.8986477081481232
2143 3.051903853227158
2144 2.946749986490589
2145 3.0630423633464074
2146 3.036101734492007
2147 3.2569364368087297
2148 3.481052883455757
2149 3.3861412742277435
2150 3.179031027380067
2151 3.076833325621074
2152 3.1214868684883137
2153 3.051583564378646
2154 3.252008616617516
2155 3.0450033436988693
2156 3.433993533960918
2157 3.3779072235135317
2158 3.3483556584802625
2159 3.4021383445520508
2160 3.060998550674394
2161 2.999318442289504
2162 3.0305213602446983
2163 3.1822313443641126
2164 3.1958301298555005
2165 2.862616444772911
2166 3.0351332825180948
2167 3.412967330112556
2168 3.349917891776714
2169 3.8064621947656128
2170 3.370606063868715
2171 3.1074661381440256
2172 3.041130160863987
2173 3.145010608771617
2174 3.078341391876554
2175 3.2548015292771306
2176 3.541524062845771
2177 3.4140962698944306
2178 3.8889655494935638
2179 3.698000210747493
2180 3.6336012453829234
2181 3.237721793666338
2182 3.358951873023674
2183 3.384699675155346
2184 3.3616308804970747
2185 3.3146115201750836
2186 3.618525149270738
2187 3.464581503562236
2188 3.6001635708700905
2189 3.551417928194025
2190 3.589315184699736
2191 3.6441209378839168
2192 3.7058004138905343
2193 3.779539388280877
2194 3.673444745434705
2195 3.5708130678150796
2196 3.1958946781513298
2197 3.188801518227626
2198 3.4342346294347714
2199 3.688313234086196
2200 3.5559991471803354
2201 3.163406227805546
2202 3.286124611929632
2203 3.2441075849126353
2204 3.29289071945382
2205 2.879308368324975
2206 3.2655946430582743
2207 3.3381085941275117
2208 3.031772067783543
2209 3.112464768468404
2210 3.549782894854443
2211 3.4683046128090016
2212 3.5319239520110304
2213 3.7690034404391977
2214 3.6788768055465577
2215 3.218573486070095
2216 3.500420499056801
2217 3.7327742738937477
2218 3.256894655468451
2219 3.403192689640787
2220 3.449547543169108
2221 3.8150084705656684
2222 3.4813958736695056
2223 3.157165907546306
2224 3.47572621273857
2225 3.297771037354969
2226 3.167482817675883
2227 3.2271891549858016
2228 2.931695637707701
2229 2.9478665028822912
2230 3.1691373647541545
