Reference frame: Origins (Ox, Oy, Oz) followed by the direction cosines of the
                 X- (Xx, Yx, Zx), Y- (Yx, Yx, Yx), and Z- (Zx, Zx, Zx) axes
*****************************************************************************************
Local base reference frames
                Ox      Oy      Oz     Xx    Xy    Xz   Yx    Yy    Yz    Zx    Zy    Zz
   1 C        66.52  118.84   71.24  0.03  0.34 -0.94  0.44 -0.85 -0.30 -0.90 -0.41 -0.18
   2 A        64.07  118.43   68.64  0.38  0.18  0.91  0.16 -0.98  0.12  0.91  0.10 -0.40
   3 A        60.21  111.08   67.04 -0.26  0.40  0.88  0.40 -0.79  0.47  0.88  0.47  0.05
   4 A        64.37  101.92   54.39  0.31  0.10 -0.95  0.40  0.89  0.22  0.86 -0.45  0.24
   5 A        54.07  112.13   59.01 -0.14 -0.75  0.65  0.89 -0.38 -0.25  0.43  0.54  0.72
   6 U        53.58  113.86   62.65  0.39 -0.86  0.33  0.82  0.17 -0.54  0.41  0.48  0.77
   7 G        57.79  111.66   65.16  0.82 -0.39 -0.42  0.22  0.89 -0.40  0.53  0.24  0.82
   8 U        61.19  111.49   67.32  0.49  0.16 -0.86 -0.32  0.95 -0.00  0.81  0.27  0.52
   9 A        64.52  114.03   75.43  0.53  0.01 -0.85 -0.60  0.72 -0.36  0.61  0.70  0.38
  10 A        67.10  115.06   76.97  0.13  0.38 -0.92 -0.60  0.77  0.23  0.79  0.52  0.33
  11 C        67.22  125.94   89.39 -0.82  0.57  0.01 -0.17 -0.22 -0.96 -0.55 -0.79  0.28
****************************************************************************
Helix axis

               Ox      Oy      Oz     Xx    Xy    Xz   Yx    Yy    Yz    Zx    Zy    Zz
   1  C/A    65.63  118.83   69.60 -0.08  0.12 -0.99  0.96  0.26 -0.04  0.25 -0.96 -0.14
             65.66  118.72   69.58  0.57  0.03  0.82 -0.78 -0.28  0.56  0.25 -0.96 -0.14
   2  A/A    70.25  113.26   65.11  0.61  0.34  0.72  0.74 -0.57 -0.36  0.29  0.75 -0.60
             68.64  109.03   68.49 -0.04  0.63  0.77  0.96 -0.20  0.21  0.29  0.75 -0.60
   3  A/A    62.06  104.79   61.88 -0.28  0.39  0.87 -0.08 -0.92  0.39  0.96  0.04  0.29
             61.97  104.79   61.85  0.29  0.10 -0.95 -0.07  0.99  0.08  0.96  0.04  0.29
   4  A/A    62.23  109.18   55.44  0.36  0.09 -0.93 -0.23  0.97  0.00  0.90  0.21  0.37
             57.31  108.02   53.44 -0.10 -0.73  0.68  0.41 -0.65 -0.64  0.90  0.21  0.37
   5  A/U    53.61  108.86   61.40 -0.17 -0.78  0.61  0.83 -0.44 -0.33  0.53  0.45  0.72
             55.27  110.29   63.66  0.37 -0.88  0.29  0.77  0.11 -0.63  0.53  0.45  0.72
   6  U/G    56.72  112.97   60.03  0.34 -0.91  0.25  0.68  0.05 -0.73  0.65  0.42  0.64
             58.94  114.39   62.20  0.76 -0.42 -0.50  0.06  0.81 -0.59  0.65  0.42  0.64
   7  G/U    60.78  111.60   62.62  0.88 -0.33 -0.34 -0.06  0.63 -0.78  0.47  0.71  0.53
             62.01  113.45   64.01  0.57  0.22 -0.79 -0.68  0.67 -0.30  0.47  0.71  0.53
   8  U/A    58.26  128.36   67.96 -0.65 -0.15 -0.75 -0.21  0.98 -0.01  0.73  0.15 -0.67
             56.37  127.97   69.69 -0.46 -0.61 -0.64 -0.51  0.77 -0.38  0.73  0.15 -0.67
   9  A/A    66.86  111.75   74.39  0.24 -0.30 -0.92 -0.69  0.62 -0.38  0.68  0.73 -0.05
             68.52  113.51   74.26 -0.19  0.11 -0.98 -0.70  0.68  0.21  0.68  0.73 -0.05
  10  A/C    65.76  120.70   82.85  0.86  0.36 -0.37 -0.03  0.75  0.66  0.52 -0.56  0.65
             66.85  119.52   84.22 -0.84 -0.17  0.52 -0.18 -0.81 -0.55  0.52 -0.56  0.65
