  11 bases
   1  ***local helical parameters***
     X-disp  Y-disp h-Rise    Incl.   Tip  h-Twist
C     0.00    0.00    0.00    0.00    0.00    0.00
A    -1.69    0.79    0.12   77.56   15.71  148.31
A     0.50   -8.78   -5.65  -50.99   20.27  -41.93
A     7.51   -3.64   -0.10   28.95   -1.38 -151.16
A     1.10   -7.56   -5.44   39.31    3.00 -136.90
U    -4.07   -0.25    3.15    6.74   -2.97   36.82
G    -1.20   -4.01    3.42   15.00   -6.05   59.29
U    -3.52   -1.74    2.62   31.32    6.77   45.93
A     1.13  -17.10   -2.59   -6.67  -72.71  -29.59
A    -2.21    2.62    2.43    7.82  -24.68   34.71
C     1.31   -8.15    2.11  -43.87   55.21  166.05
