  11 bases
   0  ***local step parameters***
      Shift   Slide   Rise    Tilt    Roll   Twist
C     0.00    0.00    0.00    0.00    0.00    0.00
A    -1.79   -1.95    2.43  -28.13  138.91   67.19
A    -4.23    4.82   -5.52   12.57   31.62  -24.87
A    -7.05  -14.42    1.93   -2.66  -55.91 -147.24
A   -13.95   -3.58   -4.93    5.52  -72.21 -125.84
U     0.32   -2.20    3.40    1.87    4.25   36.53
G     4.28   -0.42    3.22    5.93   14.69   57.33
U     1.00   -1.08    3.75   -5.05   23.35   39.52
A    -5.17   -0.90    7.46  -28.16    2.58   -8.83
A    -0.43   -0.96    3.00   14.27    4.52   31.41
C    15.03    1.69    6.63 -108.59  -86.28  139.72
